example/new_moments.dat
# %ECSV 1.0
# ---
# datatype:
# - {name: vx, unit: mas / yr, datatype: float64}
# - {name: vy, unit: mas / yr, datatype: float64}
# - {name: vz, unit: km / s, datatype: float64}
# - {name: v2xx, unit: mas2 / yr2, datatype: float64}
# - {name: v2yy, unit: mas2 / yr2, datatype: float64}
# - {name: v2zz, unit: km2 / s2, datatype: float64}
# - {name: v2xy, unit: mas2 / yr2, datatype: float64}
# - {name: v2xz, unit: km mas / (s yr), datatype: float64}
# - {name: v2yz, unit: km mas / (s yr), datatype: float64}
# - {name: sigma_x, unit: mas / yr, datatype: float64}
# - {name: sigma_y, unit: mas / yr, datatype: float64}
# - {name: sigma_z, unit: km / s, datatype: float64}
# schema: astropy-2.0
vx vy vz v2xx v2yy v2zz v2xy v2xz v2yz sigma_x sigma_y sigma_z
[from data line 67]
-0.0193559748775003 -0.011955255848533753 0.3090121419811343 0.1472342165879591 0.13464227644230106 65.54221665146596 0.01018564596100878 -0.26327234780666237 -0.2038263402674249 0.38322260218377086 0.36674152791836534 8.089915212631972
0.00016070230012250533 0.0002068526977988982 -0.0053466020327162765 0.07818902666980483 0.08010012704236867 39.35210692011732 0.004008395438938496 -0.1036065539865219 -0.1696218883570642 0.27962296194085273 0.28301958281067774 6.273123491050055
-0.010348784023371794 -0.021151554136339838 0.5467124361627035 0.12489015178857499 0.13364130385711265 66.90677037775282 0.0074123414518931586 -0.19158966885898757 -0.45085602083651943 0.3532464500286062 0.36495741616622907 8.16136483009416
-0.2253120671999321 -0.20965719003816694 5.419090833040218 0.4330954520954962 0.37801483255395085 193.00144922052618 0.07417435176630313 -1.9172132834094529 -1.7786570279151082 0.618328330638011 0.5779781096367326 12.791985919464798
-1.7773521328206682e-05 -0.0012945219719755004 0.033460012271577765 0.08149017166657734 0.08982668195908043 44.81991915081913 8.791626971055007e-06 -0.00022724059746142327 -0.28268229939653033 0.2854648338249026 0.29970820170950363 6.6946844270957175
-1.4647942687624461e-05 4.951747674808997e-06 -0.00012798974567578936 0.07662959445064713 0.07042504541307798 33.73561929893066 -0.002509892526509794 0.06487416710988698 -0.033271204263910246 0.2768205090597243 0.26537717571139796 5.808237192345822
2.339343227083236e-06 1.9877744733194986e-06 -5.1378778970356536e-05 0.059947633262897475 0.059320143799493484 28.678831590441995 0.002171024940942201 -0.05611532499133375 -0.06329442440114261 0.24484205777893828 0.24355727005273778 5.355262046604462
-0.01251037434355727 -0.010592900509000833 0.2737988143081732 0.1319174528428294 0.12678169834045372 62.247117641326135 0.009756653898296408 -0.25218402331815604 -0.26324100265300776 0.3629889025529754 0.3559065731329784 7.8849319496498875
-0.08397974434486964 0.1059588942974343 -2.7387607010366457 0.2275067076064846 0.22971192104371096 117.38908412664881 -0.03167454975271268 0.8187043915563024 -1.0950848765717929 0.46952540947882143 0.46742339881843326 10.482760798048673
0.007328954842265921 -0.008284165643304768 0.21412404739778837 0.11819782641391108 0.11879454121982666 58.73679531299175 -0.008362455365672209 0.2161476322637566 -0.3018462674115144 0.3437209810803395 0.34456626912601435 7.661001645040794
0.08305422313113804 -0.14109512811141683 3.646940585228779 0.24011139034049767 0.2611851256704783 135.62557326651861 -0.033890360986942876 0.8759773252676549 -1.5340698231630485 0.48292171866730205 0.49119984781522597 11.060081267076196
-3.7343598859800153e-05 5.9811939960611476e-06 -0.00015459824463348772 0.08481657288292023 0.0755355504614634 36.036532672477925 -0.001386736712902328 0.03584352250147631 -0.015933517047733024 0.29123284754363793 0.27483731629036245 6.003043615415209
-1.1968725004007663e-05 -5.6990834344711215e-06 0.00014730642336116106 0.07325011353753201 0.06881207443272322 33.087007347799265 0.002817398449215203 -0.07282239214588546 -0.04915846361153006 0.2706475815415346 0.26232055657199965 5.752130677070896
-0.10022954961667442 0.00837854462783221 -0.21656349767274047 0.25168210190668705 0.18865675472590085 89.93719353653228 -0.0025740291959805285 0.06653193251982745 -0.030769034214408037 0.4915649898948517 0.4342655348007948 9.481049192363049
-0.0010394542472428505 -0.004250794003631871 0.10987192384878536 0.09401317883760611 0.10337418279607191 51.73664380205607 0.002345361353631247 -0.060621465971742484 -0.3463685435865283 0.30661392397031484 0.32149045638465007 7.191979697024029
0.04498282735028898 -0.023037421750782956 0.5954571889655798 0.18157857559137552 0.15895421047738914 77.10084637214615 -0.012621631092128079 0.3262362017582856 -0.20357026480291662 0.42373944923142287 0.39802448125268086 8.760495254736194
-0.014249562054613737 -0.013842366624897672 0.3577890272730885 0.13336152023395875 0.13064671222465155 64.39743436809272 0.009946365413338529 -0.2570875705416009 -0.30517982062211313 0.3649088519277252 0.36118568785442406 8.016821151806724
-0.00023063746102800078 0.0003193172442291588 -0.008253516851575118 0.08013310865299696 0.08266718886689364 40.700827554013074 -0.004138998467897756 0.10698230120926952 -0.1868106358529142 0.2830778257994761 0.28751884617080525 6.379714682763851
-0.005804067157953801 -0.006277915103778745 0.16226771036709425 0.11470824555953622 0.11472960898646441 56.64898037630864 0.008101305806081866 -0.2093975981524967 -0.2810559263182741 0.33863632168443214 0.3386594111617366 7.524802294178955
-0.01778401002919148 0.014111544763041993 -0.3647465791729646 0.14141889513320036 0.13416630479018885 65.77053429414156 -0.010538312487271112 0.2723878565056029 -0.26484782013300256 0.3756362923367256 0.36601525800789986 8.101696996748469
0.00033832489514845263 0.001959861039613206 -0.050657289606271846 0.08568065903551939 0.09426492434486548 47.07885468362867 0.0011567216405986049 -0.02989823357742234 -0.30257173221806505 0.2927123922415734 0.30701967899398713 6.8612162568045045
0.0001565949220147883 2.236839129714144e-05 -0.000578164498942911 0.09501092467758156 0.08311873193189952 39.64863443422231 0.0014592994582529907 -0.03771907996782611 -0.01676995975864994 0.30823838202860454 0.2883031935854242 6.296716136205293
0.0006337806317642557 0.0001745983502033615 -0.004512911381091859 0.10438070078308023 0.09151825485369748 43.83328584479822 0.003939783936384982 -0.10183312582762505 -0.04235274233828957 0.32307940062032897 0.30251979169818555 6.62066956420792
-0.003198624475486242 0.001023356550611474 -0.026451094290354353 0.12112440443989325 0.10524314378152547 50.52774810669867 -0.005627519674133226 0.14545668704849662 -0.06492209780198041 0.3480146164191356 0.3244103828839265 7.1082380690512545
-0.013626429145194251 -0.010309063921962722 0.2664623797856098 0.13537104578867332 0.12786473074523863 62.58452955427392 0.009875841294724743 -0.2552647062524314 -0.23940679936264472 0.36767562635756035 0.35743314612146915 7.9065496491474025
0.00012991166095282675 -0.00016075043629985663 0.004154978971153744 0.07706280773897431 0.07864489907638844 38.58993424226561 -0.003923604201834838 0.1014149219436288 -0.16019949021148686 0.27760185673358645 0.280436932724072 6.212078313931285
-0.00030414623067679276 0.0003385958466892998 -0.008751818378207989 0.0837245428831828 0.08454067408907472 41.49361851881421 -0.004737795427955711 0.12245963884081787 -0.17364926213845502 0.2893517761795375 0.2907585930663569 6.441548099990349
-0.0030658937194927138 0.0058910685227470975 -0.15226873651516049 0.10304954647707906 0.10974934759618613 54.717851778653056 -0.005748336506831214 0.1485794866549944 -0.33970122598225655 0.32099867098288715 0.3312320076741474 7.395584223746839
-0.0443079712259589 0.022327791925954132 -0.5771151112248556 0.1810180508457919 0.1582712484082329 76.73229839204342 -0.012414774599201078 0.32088950163141905 -0.19769243559561675 0.42314873807165193 0.3972061405818699 8.740665680624065
-0.00012809893354339078 -6.991332886731862e-05 0.0018070769693290367 0.08586554406759542 0.08036519785643274 38.82262314994288 0.004273989512993379 -0.11047146718963505 -0.08163984994311058 0.29302820283764264 0.283487553463215 6.230780038198725
-0.0037233723688506986 -0.0011863525899335188 0.030664116235135548 0.12323789294686151 0.10689442217929672 51.32033165331865 0.005743173674432418 -0.14844604092046107 -0.0659133610709538 0.35103280394439546 0.32694497204702366 7.1637553954119735
-0.0484345358721378 0.03813070932088699 -0.985579255834361 0.1803014952251275 0.16729956194440587 82.35018886412087 -0.01612552625018771 0.4168027410099002 -0.3755095707003905 0.4218478291516718 0.4072414651666649 9.02102113923861
0.009951627702700916 -0.0052516086360536425 0.13574036842319756 0.13381034291414853 0.1206774909651404 58.50159647179387 -0.008499946079446725 0.21970140815147127 -0.15010711858683776 0.3656655685461995 0.34734696136841925 7.647429046691064
-0.0003236132425152444 4.441404080302405e-06 -0.00011479869654368947 0.10150840632191309 0.08739670363618403 41.628925914779764 -2.1504054741292465e-05 0.0005558236562290995 -0.00953274678052164 0.3186036748004994 0.295629334837492 6.452048194302413
0.002303329392682511 0.0012687019007056473 -0.03279263085956211 0.11110019826940547 0.10186099924831832 49.385023709027216 0.0068293022153420695 -0.17651962722806805 -0.12740095478651917 0.3333090051935505 0.3191541784840134 7.027371368612059
-0.02361975153128163 0.03178628964195948 -0.8215925758794447 0.14637552112552593 0.14967159495614732 74.5806469257154 -0.011269384676176575 0.29128416335998275 -0.4577463439521904 0.38186074485750227 0.3855661120313153 8.59683852151331
4.9682072305491225e-08 -3.728124176203372e-08 9.636227378617474e-07 0.04872348961654845 0.04814137777776178 23.082633203620922 -0.0009346907104198703 0.024159313876342996 -0.025633455225811442 0.2207339792975834 0.2194114349293591 4.804438906222036
0.0002114535455904474 0.0003245818498509706 -0.008389593158137938 0.07899556658667793 0.08218537919108569 40.516319390282824 0.0038985671790260396 -0.10076778028936414 -0.19279726652352547 0.2810614201096906 0.2866797408916585 6.365237545057487
-0.028879849173025312 -0.007271195007633924 0.1879414018853522 0.16938470179227838 0.14239016421289083 68.18384010576568 0.006661193612411616 -0.17217445886570582 -0.06389612389267839 0.4105492127675094 0.37727615076499577 8.255211574225282
2.4772334784622728e-06 -1.6102057252053383e-06 4.161961286985039e-05 0.06265609825488357 0.060778079890150855 29.28745936202356 -0.0022496142135565666 0.05814665244889567 -0.05193501409620005 0.25031200180723834 0.24653210721437097 5.411788924218254
-7.496103749882476e-07 4.4744207254458854e-07 -1.1565209059615216e-05 0.058925162899994624 0.057100218996960536 27.444455797711708 -0.0017942668263529256 0.04637711165043865 -0.03929878575266967 0.24274505741504337 0.23895652114299024 5.238745632074338
-0.1259037655181479 -0.02602935047263393 0.6727907328652224 0.2819693397733721 0.205404822912616 98.40922820817266 0.013727810017844675 -0.354828038150645 -0.09897565070356142 0.5158658562084947 0.45246800530710324 9.897301694802646
0.16496339395451604 -0.249739508803094 6.455114096284708 0.38112444343337654 0.39739145769033424 208.50464980473427 -0.06820204890685533 1.7628448514378063 -2.6228091833049407 0.5949046327676257 0.5788105350053017 12.916506950746426
1.4978130081744638e-05 -1.7518649548047494e-05 0.00045281134005366536 0.06588962916284286 0.06680994514347363 32.582983683691424 -0.0027919373102264907 0.0721642881959691 -0.10928923728833027 0.2566897523051874 0.2584761978143646 5.708150618077042
0.0001038329721029451 -3.7538968813930385e-05 0.0009702843090872298 0.08835274147664397 0.0801151363390305 38.450752653912865 -0.003547511391464292 0.09169390497931511 -0.04768739925716098 0.2972418723789733 0.2830461710213659 6.200867012963689
0.0001310166727220172 -0.00045049712211750015 0.01164417411267184 0.07574096537080079 0.08190394709432501 40.63891490680429 -0.0019466339832832054 0.05031540474321055 -0.2272223946413541 0.2752107341755264 0.28618830190395267 6.374855239141789
-0.005190986175363696 0.006406357745257386 -0.1655876172154197 0.11184008006278838 0.11385640478420485 56.38139316205824 -0.007619935813582987 0.19695544096639478 -0.3008707416090069 0.3343847091679217 0.3373653262631544 7.506928393363237
-4.4413966732394464e-05 -0.001513106319324571 0.03910984680742072 0.08276113374184352 0.09132138200711341 45.59277623530826 4.047722476171116e-05 -0.001046230551946095 -0.29100492854220167 0.2876823452512216 0.30219049044663837 6.752129046100271
0.003717112168890909 -0.008963581006034262 0.23168516019970967 0.10657865047438975 0.11526212039344434 57.65804948225038 -0.005212289663973187 0.13472407567823153 -0.38250796827600436 0.32644269566267464 0.33938440537094894 7.589754374733982
-0.004113083429543284 -0.004905614309195073 0.12679731865408705 0.10869494661346926 0.11026370610542943 54.53845707759524 0.007380598722776674 -0.1907692022089313 -0.2828100348871198 0.32966350898783275 0.332023554968136 7.383927106735099
0.00027964065333096534 -0.0007663813047642752 0.01980895528794142 0.08030849212835606 0.08654697391510685 42.98329763932718 -0.0028329062814660454 0.07322322911014874 -0.24552308427600925 0.28338739197335694 0.2941876723705508 6.556134931849526
-0.00011744972192836119 7.346754014813583e-05 -0.0018989440489510538 0.08369508646942658 0.07947366994571273 38.48664974336723 -0.004340520671654044 0.11219112389181596 -0.09344526517803346 0.289301007041091 0.28191073861815424 6.203760644752401
-0.0002180012689771961 -0.0002194732823195758 0.0056728111833357475 0.08239727033882412 0.08231373472462614 40.29006279828044 0.004633126705133205 -0.11975422570306567 -0.15423636154323558 0.28704916445492545 0.28690361893169714 6.347442840821311
-0.01139554169310831 -0.010566407160918606 0.27311403044885124 0.12876776689680564 0.12551107809935363 61.7725955592302 0.009512725033776693 -0.24587909920183038 -0.2806446413926956 0.35866127268820963 0.35411781816093824 7.854807717926785
0.00015538955971907385 -0.00017914678079398517 0.004630476433422667 0.07883101013061737 0.07990726281939274 39.180274572633294 -0.004168746425596718 0.10775120822762059 -0.1588672251319733 0.2807685630278114 0.2826786704472477 6.259413161896353
-2.025762663713244e-07 1.6663499528619212e-07 -4.3070794531524834e-06 0.05278748252215416 0.05227701394490588 25.1622483240343 -0.001407358860519041 0.03637655116167626 -0.04081120886172915 0.22975526658188516 0.22864167149686015 5.016198592960186
-0.2456545519803275 -0.17671822596959874 4.567704633495502 0.44530187556517464 0.35728306159327466 180.27773672906244 0.07303011962650684 -1.8876378708108614 -1.3940476176677035 0.6204479967382595 0.571011147179661 12.625918228398525
-0.0012123623634599258 0.001123407278047775 -0.029037144307481673 0.09731451037138791 0.09587472026439914 47.02563234315928 -0.006368918764588289 0.16461991733875275 -0.19279039105236861 0.3119503815495143 0.3096343944404219 6.857462299379395
-0.0018872453189280917 -0.002313828992212327 0.05980643677728332 0.09893387038738366 0.1008647061320826 49.8348468858763 0.006338485065762913 -0.1638332857031285 -0.2513691608300727 0.3145318881965545 0.317583614702455 7.059126721910884
-0.0008217438873992201 0.002563438064585 -0.0662581794324824 0.08986142789502151 0.09788685363340013 48.85673660386685 -0.003074953926059473 0.07947952860427261 -0.31002915265580183 0.29976783121610134 0.3128582465249864 6.989445361223245
-0.014713218868246575 -0.0036327539188619863 0.09389720169774357 0.1497982708524918 0.12678979129769785 60.70291972805343 0.005729029176456425 -0.1480804425867922 -0.05546649347136879 0.3867580536240026 0.35605701003724505 7.790642017418511
-0.13317218369053987 -0.07942815631041493 2.0530104103212388 0.2902692295364671 0.2356749734900059 116.49880494624706 0.03577059969217866 -0.9245765854676784 -0.5950230811445429 0.5220482726985697 0.4789218532027268 10.596412279699186
-0.0007009095833337362 -0.00024377359236262577 0.00630091073656526 0.10370705161670096 0.09206933053387321 44.21902876169386 0.004672495263811222 -0.12077180013208098 -0.05895597438008167 0.32203502968226444 0.3034291863158666 6.649736014325512
0.0002812601948308621 -0.0011253223776104544 0.029086644629805862 0.08178049540826204 0.0892008183560369 44.42450625272769 -0.0018636720810937988 0.048171056230458136 -0.26955616605849636 0.28597275447315756 0.2986629404622933 6.665107667534851
