example/new_moments.dat
# %ECSV 1.0
# ---
# datatype:
# - {name: vx, unit: mas / yr, datatype: float64}
# - {name: vy, unit: mas / yr, datatype: float64}
# - {name: vz, unit: km / s, datatype: float64}
# - {name: v2xx, unit: mas2 / yr2, datatype: float64}
# - {name: v2yy, unit: mas2 / yr2, datatype: float64}
# - {name: v2zz, unit: km2 / s2, datatype: float64}
# - {name: v2xy, unit: mas2 / yr2, datatype: float64}
# - {name: v2xz, unit: km mas / (s yr), datatype: float64}
# - {name: v2yz, unit: km mas / (s yr), datatype: float64}
# - {name: sigma_x, unit: mas / yr, datatype: float64}
# - {name: sigma_y, unit: mas / yr, datatype: float64}
# - {name: sigma_z, unit: km / s, datatype: float64}
# schema: astropy-2.0
vx vy vz v2xx v2yy v2zz v2xy v2xz v2yz sigma_x sigma_y sigma_z
[from data line 330]
-0.0003957973166768867 -0.0002892092312617973 0.007475303344836896 0.09039319927554433 0.08681375091576209 42.25568534562666 0.005356433593410651 -0.138449819815653 -0.13085885208555106 0.30065435739404883 0.29464159121512806 6.500433021381465
9.921274262673692e-05 -1.2798001416421048e-05 0.0003307949140420013 0.09200904215418626 0.08079317788249818 38.52768237155038 -0.0011686466346807357 0.030206463531771973 -0.01473919121951577 0.3033299067204188 0.2842414074668034 6.207067122411768
1.1219979187614238e-06 -6.24924460300809e-07 1.615266527965117e-05 0.06082319541935159 0.05858935689501306 28.151591348651316 -0.0019011335889421025 0.04913933837587682 -0.039169553974790966 0.24662359055470082 0.2420523846084201 5.305807322961361
-0.0014084132966162891 -0.002242968688176291 0.05797488297291238 0.09437240748273096 0.09886379108323744 49.04488800316017 0.005414747466144297 -0.13995708113644265 -0.2730179384555309 0.3071976950673896 0.31441812952611575 7.002965580102793
-6.374841381548159e-06 -2.981422016408687e-06 7.706197300270641e-05 0.07058182761343895 0.06646873045713314 31.936073798138903 0.0025526672602894313 -0.06597978226989541 -0.04423902189322405 0.26567240649491686 0.25781530297529714 5.651201092882853
-0.0003488558926188366 -0.0004552041956665919 0.01176583967117563 0.08341079282311353 0.08561609404647565 42.15888746469643 0.004557950518661297 -0.117811117608854 -0.194304831204326 0.28880905651083677 0.2926019255500823 6.492976900445069
0.03354882059884271 0.01846688509585064 -0.4773207526033967 0.16734489392670773 0.1492690034092045 72.48341973096367 0.011477369829900911 -0.29666003642091066 -0.20195622770271957 0.40770009880196795 0.38591187797742266 8.500328501304981
0.00047846077450130955 0.00013045982730097423 -0.0033720458338586876 0.10180870315991372 0.08951286373577658 42.863371235030144 0.0037339381966237837 -0.09651255103046584 -0.04016042428023019 0.31907440235029977 0.29918697618046486 6.547011521628554
0.029162848164109644 0.00935318208841928 -0.2417553307181205 0.1680193015663727 0.14303420448977636 68.68823032449185 0.00814540430064112 -0.2105374290715958 -0.09049039115259623 0.4088628496859672 0.378082957133216 8.28430954784774
0.00033228524588837594 -0.00034048422704595273 0.008800628078834848 0.08516604253268373 0.08519817557745471 41.75642227305417 -0.004945219661583264 0.12782101358211267 -0.16695986965469947 0.29183202723347396 0.2918870665993028 6.461914950074752
-0.00038912917426855043 0.004408874026891188 -0.1139578796167483 0.09303605822135502 0.10326260200265401 51.75455563216605 -0.0004124908827157573 0.010661812079188397 -0.35589564457032025 0.3050178794756805 0.32131474263168974 7.193161282345844
0.1828936304527601 -0.19682620842245044 5.087443466975744 0.44000993743993266 0.39865476634961444 199.54456767663297 -0.0519321549710354 1.3423105827771993 -1.3395851199911146 0.6376204649944526 0.5999285040966603 13.17810633767078
-0.06138892376946169 0.010097168855536924 -0.260985445692267 0.20783281152736388 0.1669415985871967 79.72568719694344 -0.005369379638350742 0.13878444126815934 -0.046102199767278404 0.4517346694308409 0.40846009079015233 8.925109175471203
0.24167743698355573 -0.14124841664196927 3.6509026934234745 0.4802091909629471 0.3767381155356107 184.17147428285205 -0.048297687308643096 1.2483690852847176 -0.6750038290905682 0.6494622447964212 0.5973164992964345 13.070668835450054
-0.003655863028901935 -0.09938921491990114 2.568951646148894 0.16927856988121204 0.20454029810003993 106.21723449871632 0.00029898280505491395 -0.007727924703249033 -1.2021202833324833 0.4114185272283274 0.44120526068673027 9.980867794859584
-2.734331891515727e-05 7.288516055914688e-06 -0.00018838910574869145 0.08120500764247131 0.073487945151678 35.14362149627508 -0.0023474514083793078 0.060675488428705224 -0.026770575236507867 0.2849649222181815 0.27108660073591895 5.928205585232737
0.000788436134453544 8.536929104297924e-05 -0.002206573227609955 0.10927422543760487 0.0934098087709146 44.535778269266736 0.0011967735404013462 -0.030933470589934845 -0.01591704600552773 0.33056558170212874 0.3056301710940835 6.673512823116573
4.891091453857096e-05 2.8783107495334505e-05 -0.0007439681603382327 0.07852012587447865 0.07448340652984191 35.9843183899004 0.0036947569088167853 -0.09549981706439979 -0.07607508705291362 0.28021442411517844 0.27291648118311695 5.998693010682558
-0.005507507780382583 -0.0012339743485433883 0.031895014328776006 0.1312744950228199 0.11145543009353338 53.316093684293904 0.004508826941725182 -0.1165414014335481 -0.042688676665352004 0.3622763618853277 0.3338471317846546 7.3017173591118185
4.092356366722322e-05 -5.966491565794722e-06 0.00015421822520717693 0.08563512007479959 0.07607881429514123 36.286625588383764 -0.001228186465206767 0.03174541265984933 -0.014828399790448359 0.2926347867223949 0.27582388268520586 6.0238381090962685
2.0525146427572028e-06 1.1734100260833805e-06 -3.0329584759713433e-05 0.06301084929763612 0.06062089928620538 29.157891466387376 0.0021388613235329267 -0.05528397947807812 -0.0445762844470828 0.25101961933965106 0.24621311761323458 5.399804761791624
-0.00019503862735136115 -0.0003930476380962252 0.010159254982705878 0.07766259662594303 0.0822984842916179 40.701749656446715 0.0033395679888826714 -0.08631911107639141 -0.21046996164875575 0.27868002904025413 0.2868768547742604 6.379784200581154
0.00040042358900903877 -0.0002427680431847443 0.0062749199163551934 0.09282093290869704 0.08720099517680505 42.27287940064876 -0.005241500382269263 0.1354790964610435 -0.1084517204379412 0.3046650169770832 0.2952980464555806 6.501756687698241
0.06877628854686554 -0.013208075134345468 0.3413942487238714 0.21534820522267795 0.17182288211577204 82.14230508358189 -0.007181297513324092 0.18561778642890628 -0.05892326761825793 0.45893139722228227 0.4143047536138314 9.056807111257264
-7.106159726253297e-07 -4.3672248420170255e-07 1.1288135695652466e-05 0.05853541812388439 0.05683449618809938 27.323638548724293 0.00178516923848587 -0.04614196276284665 -0.04004185624722246 0.2419409393289598 0.23839986616587824 5.227201789542553
0.0008618073105683187 0.031803962187351646 -0.8220493650251628 0.12589615643075314 0.1418514151703589 71.6965887478341 7.18183238389547e-05 -0.0018563161143633645 -0.569749218268542 0.354817437168627 0.3752864548042527 8.427385335280203
0.2122547077424413 0.1992857120739281 -5.151015213258927 0.40746324664101385 0.36295243108482833 186.18383544678096 0.07207159042745964 -1.8628623942588176 -1.8249204347283008 0.6020059681449883 0.5685399159672219 12.635302834501278
0.015282377127908506 0.09797720812027239 -2.5324549578995383 0.17057919419177625 0.20393572168769097 105.7472229459569 0.004373212977378144 -0.11303613461731582 -1.1776215926955615 0.41272950359902383 0.4408357839112517 9.966639094106245
0.014476372122014403 -0.06434195662312053 1.6630715467127521 0.15169776890078027 0.17343191109408554 88.53982059349512 -0.005430107000800239 0.14035408499516375 -0.8148892512643667 0.3892148552547362 0.4114511194686363 9.261426111782654
0.003974384949019434 0.0002323715046016332 -0.006006196545023014 0.128725455882143 0.10758230118195675 51.25926683318146 0.0005067821748944686 -0.013098995735938508 -0.013815858612233434 0.3587612857408391 0.3279973280157029 7.159555206769798
-0.015242473861132439 0.015303765934113454 -0.39556238290444495 0.13470992673151266 0.13253042342275634 65.39131544873325 -0.01007104271922735 0.2603101532982776 -0.31835466290863657 0.3667118674410543 0.36372547088565327 8.076809137893765
0.011994916398899012 0.007805431651354403 -0.20175002394182823 0.13466831888923342 0.12462420697638317 60.741852016083364 0.00937393253699412 -0.2422916756230241 -0.19890278739872974 0.3667757364791418 0.3529352379872534 7.791094207101005
-0.04844686160945284 0.005030990522626915 -0.13003796634552134 0.1946172889596049 0.15785328772909435 75.26432408358961 -0.002269078325189525 0.058649748903180074 -0.027339728234525427 0.4384862489973881 0.39727569377380184 8.674526742762302
0.002644101824619979 -0.039099811425452345 1.0106280143824184 0.131784454967024 0.14909103633935927 75.51002723316844 -0.000464311161623643 0.012001230957902698 -0.6195363561355819 0.363011657791544 0.38413830983885655 8.63068121585509
-2.380963477211093e-05 -7.487563802738964e-06 0.00019353397018170363 0.07956677052876547 0.07259070934021958 34.75834041058393 0.002583832431308133 -0.06678532055144365 -0.03232210538055005 0.2820758230722136 0.2694266306142657 5.895620440049421
-0.11329308483415865 0.05484418696002109 -1.4175790047862866 0.26144362343910754 0.20840647582742144 101.77530332918032 -0.026052355969907563 0.6733853648898263 -0.35919123081577387 0.49860635813020643 0.4532092132604055 9.988281788894897
0.028079039248473787 0.057522550940716045 -1.4868077190158675 0.1575793901496251 0.17094347169835847 86.52689022615425 0.012427344074779106 -0.3212143897493444 -0.7035351426277394 0.3959683796776048 0.4094320796318129 9.18239037684791
0.0026344703690208684 0.005179925180340742 -0.13388753829767844 0.10110158346322155 0.10784638726001874 53.764329616541154 0.0055113146851402854 -0.14245309155773117 -0.3331629512160184 0.3179538378901823 0.3283588823758919 7.33119388255622
0.18205828466893473 -0.09723849760210294 2.513361220181534 0.36436928385361145 0.28212383207769 139.13419132695364 -0.044168199472250196 1.1416326090623945 -0.668647309126493 0.5755206901902108 0.5221767006117525 11.524634775290766
7.145803818150827e-06 -4.210548273869659e-06 0.00010883167683801596 0.06898274227715256 0.0660587970558263 31.84275234322437 -0.0027561386530216797 0.07123898639707334 -0.05787612308023104 0.262645659065765 0.25701905967865024 5.642938271094239
0.006154383460233198 -0.01296374680166664 0.3350789993988625 0.11422241924528242 0.12247543440317919 61.24294637894378 -0.0063407006647892014 0.16389055315181877 -0.40330222134589744 0.3379120341294563 0.34972471412818606 7.818610390798715
-5.864178748125911e-06 5.769080192962495e-06 -0.00014911565676839315 0.06278804022636704 0.06277959039776612 30.473650228488374 -0.002504001096489332 0.06472188902959998 -0.0834034137963524 0.250575418171812 0.25055855675766464 5.520294394889905
4.8088691696904145e-05 -1.1259564440678685e-05 0.0002910303359183611 0.08548223837293935 0.07656528642383585 36.59134965176957 -0.0022979269272467213 0.05939540992690039 -0.02468020416337887 0.29237345307058416 0.27670433010174966 6.049078406424479
-0.05002446402548571 0.1526843063763824 -3.946490577703212 0.22012848203772814 0.26270854333279964 137.99949802817687 -0.020543752115683815 0.5310023412318269 -1.7554647525008709 0.4665040568276883 0.4892811522214632 11.064570039015372
3.490165892910466e-05 3.130557539470873e-05 -0.0008091673679954975 0.07215129068497537 0.07141569996471771 34.74236849145011 0.0034939505374380585 -0.09030949677938394 -0.10516918468201308 0.2686099206411587 0.2672371586899521 5.894265674085134
-0.029546490868274145 0.0020961463936691595 -0.054179910093114236 0.17319729014180185 0.14245501665429322 67.88485151578685 -0.00098007487263652 0.025332375946805194 -0.019627709568060724 0.4151196153148787 0.3774263144304985 8.239048249229345
-0.00016376454256277357 0.00018491123067929067 -0.004779472408830395 0.07936452362582277 0.08027865351077816 39.35288706860901 -0.004241140288202014 0.10962240051604782 -0.15833215178164056 0.2817170509695808 0.283334818401507 6.273186130289178
-0.024110173962175588 -0.01778783192974397 0.4597690016382822 0.15140725273237957 0.14153795398099325 69.26512389436064 0.011347442487759945 -0.29330175393782854 -0.26341243138270715 0.388363170555465 0.37579455426633374 8.309857782146045
0.18586068911885073 0.20829723045761392 -5.38393942948025 0.3785733227030795 0.36147292636103456 187.08991795818582 0.06739266174993261 -1.7419243071833401 -2.0409566004728803 0.5865399619321308 0.5639904167135487 12.573906082752236
-0.2589259372601654 0.10958275197419257 -2.832427958108956 0.495652766421017 0.3701428714336049 179.04744012742484 -0.03940860304932079 1.0186094714358134 -0.408188255426374 0.6546832252585688 0.5984433907257791 13.077644741678357
0.0008246538461056498 -0.006078595403966332 0.1571158166595561 0.0970249140986971 0.10765936290949642 54.0028852817149 -0.0009595817209007339 0.02480268149324846 -0.3770867608414809 0.31148713303237935 0.3280585520717472 7.346985769815421
-0.00026742520362333977 0.00023708147308057983 -0.006127936929903316 0.0851932437867997 0.08384670400543286 40.9519951857125 -0.004947266519916498 0.12787391952456156 -0.14524346818294617 0.2918786944443876 0.2895628563849445 6.39937165931949
-0.13543889311498644 -0.018355021635934617 0.4744293743011657 0.29577822655453695 0.20986043958815864 100.22938998007841 0.008043242457122238 -0.20789681221701112 -0.05890868265770012 0.5267205452479752 0.457737405909658 10.00021533512547
-0.012146923584266708 0.006429043917438536 -0.16617399552031478 0.1379080543790476 0.12421768719139231 60.223869131077045 -0.00880052080748487 0.22747047990645633 -0.155325189987732 0.3711610251986132 0.3523866549483677 7.758624577480847
0.00011276321965188805 -0.0005690033833317934 0.01470725148048039 0.07642557262233285 0.08327153112009524 41.387509888702475 -0.0011468426577741996 0.029642887670831914 -0.24040916903542994 0.27645173160388986 0.28856750918155183 6.433295701695699
-0.03756050931328889 -0.014254442525879171 0.36844011315819036 0.17652008723880827 0.1510951669730321 72.76800791148598 0.009855246436513422 -0.25473238295209344 -0.12360443304982471 0.4184606258406334 0.3884481662220952 8.52245620666378
1.4859039138871718e-07 1.1201816811187702e-07 -2.895377105066214e-06 0.05249049557229716 0.051764625167532906 24.88235634729824 0.001331660589432505 -0.03441994854362455 -0.03594634511053033 0.22910804344735494 0.22751840621699237 4.988221762040042
0.0059588755029624406 -0.005704708883906078 0.1474518265379343 0.11644877376012445 0.11449109598554222 56.36013765556689 -0.008370177356424546 0.21634722555836855 -0.25751071219340255 0.3411938826574484 0.3383172361587451 7.50589072758307
-0.017105056246435 0.005212238577551631 -0.13472275522764887 0.15212797608872272 0.130019536736859 62.39355903073372 -0.007001000947639542 0.18095759105877893 -0.07625231154366108 0.3896606127638884 0.3605445455222831 7.897810380729433
0.05821680806183644 -0.08298014236457578 2.1448199736454714 0.19337773719646453 0.20081303354735475 102.08638106532624 -0.022572104667341643 0.5834299575557014 -0.8855680037804239 0.4358767491568641 0.4403718082717256 9.87350638557436
-0.0021465047099809504 -0.0011127338624471678 0.028761264388324343 0.1110737492183961 0.1011727859067529 48.98090641719806 0.006621042823054639 -0.17113666581647088 -0.11708462013420318 0.33327037332461185 0.3180747517960271 6.998576941555251
0.0002583497422337185 -0.00043210783966755845 0.011168859185802288 0.08000898562882716 0.08382866566827403 41.400080177265046 -0.003880871732590391 0.10031039921147922 -0.20653477388944044 0.28285847854402 0.2895314817961752 6.4342797136781
-0.00011393252013816539 -0.0001501026017882058 0.0038797602563397614 0.0757456799727322 0.07772669081722096 38.16372916591975 0.003729940261692906 -0.09640921485329462 -0.16159748031244187 0.275219307084574 0.2787950291637745 6.177678699429107
7.985733620237072e-07 6.616772348131783e-07 -1.7102628519225773e-05 0.05655771169602791 0.055947343754561944 26.990032690562412 0.0018041153906302341 -0.04663167131702606 -0.051885518230089536 0.2378186529593299 0.23653190853270542 5.195193229348637
0.06824485728981661 0.12463068644634966 -3.221377765837522 0.21830913947300254 0.24067107269158097 124.74805033547112 0.028650496945261558 -0.7405405239374308 -1.3833558334389005 0.4622248142695231 0.47448737041937444 10.694427316375513
0.05309167893508594 -0.07004153893923663 1.810390864861585 0.18534789614223002 0.18914488196098708 95.47571610872939 -0.020080056968078196 0.5190170326275411 -0.7429813091718439 0.4272343265353145 0.42923078266127473 9.601989430589638
